bgr
0 0 0
0 0 0
0 0 0
0 0 0
0 0 0
0 0 0
0 0 0
0 0 0
0 0 0
0 0 0
0 0 0
0 0 0
0 0 0
0 0 0
0 0 0
0 0 0
0 0 0
0 0 0
0 0 0
0 0 0
0 0 0
0 0 0
0 0 0
0 0 0
0 0 0
0 0 0
0 0 0
0 0 0
0 0 0
11 7 5
31 21 15
33 22 16
33 22 16
33 22 16
33 22 16
39 26 19
61 40 30
66 43 33
65 43 33
65 43 33
65 43 33
65 43 32
64 43 32
64 43 32
65 44 33
65 44 33
65 44 32
65 44 32
66 44 33
65 44 32
65 43 32
65 43 32
66 44 32
67 44 33
67 44 33
66 44 33
66 44 32
66 45 33
84 57 43
102 69 51
104 70 52
104 70 53
104 70 52
0 0 0
0 0 0
0 0 0
53 36 26
157 105 77
169 112 83
168 111 82
169 111 83
170 112 83
175 115 86
189 124 93
191 126 95
191 127 96
191 126 95
191 127 96
191 127 96
190 127 94
0 0 0
0 0 0
0 0 0
64 42 31
189 125 92
0 0 0
0 0 0
0 0 0
64 42 31
189 124 92
0 0 0
0 0 0
0 0 0
65 42 32
191 125 93
0 0 0
0 0 0
0 0 0
65 42 31
190 124 92
0 0 0
0 0 0
0 0 0
65 42 31
190 124 92
0 0 0
0 0 0
0 0 0
65 42 31
190 124 92
0 0 0
0 0 0
2 1 1
83 54 40
101 66 49
100 66 49
100 66 49
100 67 49
100 67 50
100 67 50
101 67 50
101 66 49
100 66 49
100 66 49
100 66 49
100 65 49
100 65 49
100 66 49
100 66 49
100 66 49
100 66 49

lab
0 0 0
0 0 0
0 0 0
0 0 0
0 0 0
0 0 0
0 0 0
0 0 0
0 0 0
0 0 0
0 0 0
0 0 0
0 0 0
0 0 0
0 0 0
0 0 0
0 0 0
0 0 0
0 0 0
0 0 0
0 0 0
0 0 0
0 0 0
0 0 0
0 0 0
0 0 0
0 0 0
0 0 0
0 0 0
2.35294 0 2
7.45098 6 5
8.23529 5 5
8.23529 5 5
8.23529 5 5
8.23529 5 5
10.5882 4 8
18.4314 8 11
20 9 11
20 9 11
20 9 11
20 9 11
20 9 11
19.6078 8 11
19.6078 8 11
20.3922 8 11
20.3922 8 11
20.3922 8 12
20.3922 8 12
20.3922 9 11
20.3922 8 12
20 9 11
20 9 11
20.3922 9 12
20.3922 9 11
20.3922 9 11
20.3922 9 11
20.3922 9 12
20.7843 8 11
26.6667 10 13
32.549 12 17
32.9412 13 17
33.3333 12 16
32.9412 13 17
0 0 0
0 0 0
0 0 0
16.0784 6 10
49.4118 18 24
52.549 19 25
52.1569 19 25
52.1569 20 25
52.9412 20 26
54.1176 20 26
58.0392 22 27
58.8235 22 27
59.2157 21 27
58.8235 22 27
59.2157 21 27
59.2157 21 27
58.8235 21 28
0 0 0
0 0 0
0 0 0
19.6078 9 12
58.4314 21 28
0 0 0
0 0 0
0 0 0
19.6078 9 12
58.0392 22 28
0 0 0
0 0 0
0 0 0
19.6078 9 11
58.4314 22 28
0 0 0
0 0 0
0 0 0
19.6078 9 11
58.0392 22 28
0 0 0
0 0 0
0 0 0
19.6078 9 11
58.0392 22 28
0 0 0
0 0 0
0 0 0
19.6078 9 11
58.0392 22 28
0 0 0
0 0 0
0.392157 0 0
25.4902 11 14
31.3725 13 16
31.3725 13 16
31.3725 13 16
31.7647 12 17
31.7647 12 16
31.7647 12 16
31.7647 13 16
31.3725 13 16
31.3725 13 16
31.3725 13 16
31.3725 13 16
31.3725 13 16
31.3725 13 16
31.3725 13 16
31.3725 13 16
31.3725 13 16
31.3725 13 16
