0 0 0
0.0784314 0.501961 0.501961

0 0 0
0.0784314 0.501961 0.501961

0 0 0
0.0784314 0.501961 0.501961

0 0 0
0.0784314 0.501961 0.501961

0 0 0
0.0784314 0.501961 0.501961

0 0 0
0.0784314 0.501961 0.501961

0 0 0
0.0784314 0.501961 0.501961

0 0 0
0.0784314 0.501961 0.501961

0 0 0
0.0784314 0.501961 0.501961

0 0 0
0.0784314 0.501961 0.501961

0 0 0
0.0784314 0.501961 0.501961

0 0 0
0.0784314 0.501961 0.501961

0 0 0
0.0784314 0.501961 0.501961

0 0 0
0.0784314 0.501961 0.501961

0 0 0
0.0784314 0.501961 0.501961

0 0 0
0.0784314 0.501961 0.501961

0 0 0
0.0784314 0.501961 0.501961

0 0 0
0.0784314 0.501961 0.501961

0 0 0
0.0784314 0.501961 0.501961

0 0 0
0.0784314 0.501961 0.501961

0 0 0
0.0784314 0.501961 0.501961

0 0 0
0.0784314 0.501961 0.501961

0 0 0
0.0784314 0.501961 0.501961

0 0 0
0.0784314 0.501961 0.501961

0 0 0
0.0784314 0.501961 0.501961

0 0 0
0.0784314 0.501961 0.501961

0 0 0
0.0784314 0.501961 0.501961

0 0 0
0.0784314 0.501961 0.501961

0 0 0
0.0784314 0.501961 0.501961

11 7 5
0.0784314 0.502586 0.474312

31 21 15
0.133412 0.499873 0.457476

33 22 16
0.136783 0.501515 0.455387

33 22 16
0.136783 0.501515 0.455387

33 22 16
0.136783 0.501515 0.455387

33 22 16
0.136783 0.501515 0.455387

39 26 19
0.148262 0.50173 0.452806

61 40 30
0.181333 0.504253 0.44361

66 43 33
0.187662 0.506118 0.441827

65 43 33
0.187521 0.505133 0.443868

65 43 33
0.187521 0.505133 0.443868

65 43 33
0.187521 0.505133 0.443868

65 43 32
0.187102 0.503271 0.443194

64 43 32
0.18696 0.502273 0.445256

64 43 32
0.18696 0.502273 0.445256

65 44 33
0.188918 0.502268 0.44599

65 44 33
0.188918 0.502268 0.44599

65 44 32
0.188504 0.500408 0.445323

65 44 32
0.188504 0.500408 0.445323

66 44 33
0.189058 0.503251 0.443948

65 44 32
0.188504 0.500408 0.445323

65 43 32
0.187102 0.503271 0.443194

65 43 32
0.187102 0.503271 0.443194

66 44 32
0.188644 0.501399 0.443282

67 44 33
0.189198 0.504229 0.441927

67 44 33
0.189198 0.504229 0.441927

66 44 33
0.189058 0.503251 0.443948

66 44 32
0.188644 0.501399 0.443282

66 45 33
0.190438 0.500432 0.446043

84 57 43
0.21166 0.502516 0.441439

102 69 51
0.229415 0.501337 0.436459

104 70 52
0.230952 0.502067 0.435488

104 70 53
0.231255 0.503423 0.435977

104 70 52
0.230952 0.502067 0.435488

0 0 0
0.0784314 0.501961 0.501961

0 0 0
0.0784314 0.501961 0.501961

0 0 0
0.0784314 0.501961 0.501961

53 36 26
0.172132 0.499912 0.449275

157 105 77
0.273301 0.501596 0.424353

169 112 83
0.280917 0.503259 0.421307

168 111 82
0.279872 0.503267 0.4209

169 111 83
0.28017 0.504789 0.420172

170 112 83
0.280992 0.503786 0.420224

175 115 86
0.284236 0.504785 0.419299

189 124 93
0.293138 0.505254 0.41698

191 126 95
0.295071 0.505219 0.417737

191 127 96
0.29596 0.50472 0.419108

191 126 95
0.295071 0.505219 0.417737

191 127 96
0.29596 0.50472 0.419108

191 127 96
0.29596 0.50472 0.419108

190 127 94
0.295484 0.502416 0.419453

0 0 0
0.0784314 0.501961 0.501961

0 0 0
0.0784314 0.501961 0.501961

0 0 0
0.0784314 0.501961 0.501961

64 42 31
0.185115 0.503292 0.442414

189 125 92
0.293626 0.502912 0.417702

0 0 0
0.0784314 0.501961 0.501961

0 0 0
0.0784314 0.501961 0.501961

0 0 0
0.0784314 0.501961 0.501961

64 42 31
0.185115 0.503292 0.442414

189 124 92
0.292931 0.504334 0.416647

0 0 0
0.0784314 0.501961 0.501961

0 0 0
0.0784314 0.501961 0.501961

0 0 0
0.0784314 0.501961 0.501961

65 42 32
0.185684 0.506184 0.441037

191 125 93
0.293971 0.504809 0.416027

0 0 0
0.0784314 0.501961 0.501961

0 0 0
0.0784314 0.501961 0.501961

0 0 0
0.0784314 0.501961 0.501961

65 42 31
0.185259 0.504302 0.440352

190 124 92
0.293002 0.504824 0.415642

0 0 0
0.0784314 0.501961 0.501961

0 0 0
0.0784314 0.501961 0.501961

0 0 0
0.0784314 0.501961 0.501961

65 42 31
0.185259 0.504302 0.440352

190 124 92
0.293002 0.504824 0.415642

0 0 0
0.0784314 0.501961 0.501961

0 0 0
0.0784314 0.501961 0.501961

0 0 0
0.0784314 0.501961 0.501961

65 42 31
0.185259 0.504302 0.440352

190 124 92
0.293002 0.504824 0.415642

0 0 0
0.0784314 0.501961 0.501961

0 0 0
0.0784314 0.501961 0.501961

2 1 1
0.0784314 0.502237 0.50121

83 54 40
0.206912 0.504248 0.436045

101 66 49
0.225554 0.50423 0.43222

100 66 49
0.225447 0.503483 0.433754

100 66 49
0.225447 0.503483 0.433754

100 67 49
0.226502 0.501324 0.435358

100 67 50
0.226815 0.502725 0.435862

100 67 50
0.226815 0.502725 0.435862

101 67 50
0.226921 0.503467 0.434327

101 66 49
0.225554 0.50423 0.43222

100 66 49
0.225447 0.503483 0.433754

100 66 49
0.225447 0.503483 0.433754

100 66 49
0.225447 0.503483 0.433754

100 65 49
0.224383 0.505665 0.432137

100 65 49
0.224383 0.505665 0.432137

100 66 49
0.225447 0.503483 0.433754

100 66 49
0.225447 0.503483 0.433754

100 66 49
0.225447 0.503483 0.433754

100 66 49
0.225447 0.503483 0.433754